,0,1,2,3,4,5,6,7,8,9,10,11,12,13,14,15,16,17,18,19,20,21,22,23,24,25,26,27,28,29,30,31,32,33,0,1,2,3,4,5,6,7,8,9,10,11,12,13,14,15,16,17,18,19,20,21,22,23,24,25,26,27,28,29,30,31,32,33
0,41.311132164199115,295.8060730230613,35.63799305653942,302.79735902254697,34.687659782449195,300.9130987417502,39.29159885861095,317.3241630147715,37.08336591967647,309.68580287245453,64.05069264229097,323.5207655015539,66.22621739837172,313.46679953903447,101.90162445226481,329.1193318976731,99.91537155388549,310.4844194631107,133.62983277671694,324.9766559944778,126.24929900490557,305.645730203097,132.98232765395406,330.12608465601187,132.43462931183333,318.3015633895749,180.3454335677809,326.904574803837,180.29446865486975,324.74344423950697,221.6033566529269,328.2354622637639,220.21748739450086,326.3588026390701,55.7913632170524,134.58215954890017,52.09561643452224,130.9710268614722,53.53753646297158,129.43353556648628,53.143960349918025,125.32839329203621,57.34285664929009,120.24174016733639,76.23316402138823,114.85460154853884,80.40712101595389,111.79746747251417,109.62976167115522,121.90867676031394,115.09006322356703,114.96566396736708,123.356406849283,146.6440357646004,130.9345322445884,131.85939806328446,137.81476636501174,119.66249798634013,136.63279571434376,111.50812057276241,181.22611135275253,144.39015851880683,180.15641910918634,141.30914611816405,210.85739689169768,117.43760554829582,210.2010478281604,113.6677414690862
0,41.311132164199115,295.8060730230613,35.63799305653942,302.79735902254697,34.687659782449195,300.9130987417502,39.29159885861095,317.3241630147715,37.08336591967647,309.68580287245453,64.05069264229097,323.5207655015539,66.22621739837172,313.46679953903447,101.90162445226481,329.1193318976731,99.91537155388549,310.4844194631107,133.62983277671694,324.9766559944778,126.24929900490557,305.645730203097,132.98232765395406,330.12608465601187,132.43462931183333,318.3015633895749,180.3454335677809,326.904574803837,180.29446865486975,324.74344423950697,221.6033566529269,328.2354622637639,220.21748739450086,326.3588026390701,55.7913632170524,134.58215954890017,52.09561643452224,130.9710268614722,53.53753646297158,129.43353556648628,53.143960349918025,125.32839329203621,57.34285664929009,120.24174016733639,76.23316402138823,114.85460154853884,80.40712101595389,111.79746747251417,109.62976167115522,121.90867676031394,115.09006322356703,114.96566396736708,123.356406849283,146.6440357646004,130.9345322445884,131.85939806328446,137.81476636501174,119.66249798634013,136.63279571434376,111.50812057276241,181.22611135275253,144.39015851880683,180.15641910918634,141.30914611816405,210.85739689169768,117.43760554829582,210.2010478281604,113.6677414690862
0,41.311132164199115,295.8060730230613,35.63799305653942,302.79735902254697,34.687659782449195,300.9130987417502,39.29159885861095,317.3241630147715,37.08336591967647,309.68580287245453,64.05069264229097,323.5207655015539,66.22621739837172,313.46679953903447,101.90162445226481,329.1193318976731,99.91537155388549,310.4844194631107,133.62983277671694,324.9766559944778,126.24929900490557,305.645730203097,132.98232765395406,330.12608465601187,132.43462931183333,318.3015633895749,180.3454335677809,326.904574803837,180.29446865486975,324.74344423950697,221.6033566529269,328.2354622637639,220.21748739450086,326.3588026390701,55.7913632170524,134.58215954890017,52.09561643452224,130.9710268614722,53.53753646297158,129.43353556648628,53.143960349918025,125.32839329203621,57.34285664929009,120.24174016733639,76.23316402138823,114.85460154853884,80.40712101595389,111.79746747251417,109.62976167115522,121.90867676031394,115.09006322356703,114.96566396736708,123.356406849283,146.6440357646004,130.9345322445884,131.85939806328446,137.81476636501174,119.66249798634013,136.63279571434376,111.50812057276241,181.22611135275253,144.39015851880683,180.15641910918634,141.30914611816405,210.85739689169768,117.43760554829582,210.2010478281604,113.6677414690862
0,41.311132164199115,295.8060730230613,35.63799305653942,302.79735902254697,34.687659782449195,300.9130987417502,39.29159885861095,317.3241630147715,37.08336591967647,309.68580287245453,64.05069264229097,323.5207655015539,66.22621739837172,313.46679953903447,101.90162445226481,329.1193318976731,99.91537155388549,310.4844194631107,133.62983277671694,324.9766559944778,126.24929900490557,305.645730203097,132.98232765395406,330.12608465601187,132.43462931183333,318.3015633895749,180.3454335677809,326.904574803837,180.29446865486975,324.74344423950697,221.6033566529269,328.2354622637639,220.21748739450086,326.3588026390701,55.7913632170524,134.58215954890017,52.09561643452224,130.9710268614722,53.53753646297158,129.43353556648628,53.143960349918025,125.32839329203621,57.34285664929009,120.24174016733639,76.23316402138823,114.85460154853884,80.40712101595389,111.79746747251417,109.62976167115522,121.90867676031394,115.09006322356703,114.96566396736708,123.356406849283,146.6440357646004,130.9345322445884,131.85939806328446,137.81476636501174,119.66249798634013,136.63279571434376,111.50812057276241,181.22611135275253,144.39015851880683,180.15641910918634,141.30914611816405,210.85739689169768,117.43760554829582,210.2010478281604,113.6677414690862
0,41.311132164199115,295.8060730230613,35.63799305653942,302.79735902254697,34.687659782449195,300.9130987417502,39.29159885861095,317.3241630147715,37.08336591967647,309.68580287245453,64.05069264229097,323.5207655015539,66.22621739837172,313.46679953903447,101.90162445226481,329.1193318976731,99.91537155388549,310.4844194631107,133.62983277671694,324.9766559944778,126.24929900490557,305.645730203097,132.98232765395406,330.12608465601187,132.43462931183333,318.3015633895749,180.3454335677809,326.904574803837,180.29446865486975,324.74344423950697,221.6033566529269,328.2354622637639,220.21748739450086,326.3588026390701,55.7913632170524,134.58215954890017,52.09561643452224,130.9710268614722,53.53753646297158,129.43353556648628,53.143960349918025,125.32839329203621,57.34285664929009,120.24174016733639,76.23316402138823,114.85460154853884,80.40712101595389,111.79746747251417,109.62976167115522,121.90867676031394,115.09006322356703,114.96566396736708,123.356406849283,146.6440357646004,130.9345322445884,131.85939806328446,137.81476636501174,119.66249798634013,136.63279571434376,111.50812057276241,181.22611135275253,144.39015851880683,180.15641910918634,141.30914611816405,210.85739689169768,117.43760554829582,210.2010478281604,113.6677414690862
0,41.317844292042786,295.8614387637279,35.69521818012771,302.92898694022756,34.74586202196507,301.0907992253538,39.30417838615457,317.434772311664,37.1213020759543,309.8460952258501,64.08280709617496,323.60654136470106,66.34654378149793,313.47948422666457,102.02803395325655,329.0229667163286,100.13464940520765,310.40164350916126,133.39670360150114,324.9328747702427,126.23796136885726,305.5681926727295,133.21135146383176,330.2590676792332,132.64987185581978,318.2835741590281,183.8328628540039,326.2017828519227,180.1845249684981,324.5210723063985,225.77998660389005,329.0758635474033,220.14213388077334,326.2032367956443,55.81722386019217,134.42718809784435,51.92379590760858,130.93981717219117,53.37803136005302,129.5811936738061,52.922356640119006,124.98855899748254,57.312145371511185,120.55992753701132,76.12508384427875,114.85902200096943,80.21904434441284,112.01360203477203,109.44663710915363,121.93665478190438,114.92074932829703,114.74013432479296,123.0626981666051,146.98831505071922,130.51844416010564,131.90907617787846,137.31299566357865,119.59694543744696,136.23181814974453,111.09356580640448,181.12810071144696,144.59356613159179,179.67999508220296,141.47868427214075,210.55810372940616,117.52622045298092,209.95472993998945,113.77597541183722
0,41.317844292042786,295.8614387637279,35.69521818012771,302.92898694022756,34.74586202196507,301.0907992253538,39.30417838615457,317.434772311664,37.1213020759543,309.8460952258501,64.08280709617496,323.60654136470106,66.34654378149793,313.47948422666457,102.02803395325655,329.0229667163286,100.13464940520765,310.40164350916126,133.39670360150114,324.9328747702427,126.23796136885726,305.5681926727295,133.21135146383176,330.2590676792332,132.64987185581978,318.2835741590281,183.8328628540039,326.2017828519227,180.1845249684981,324.5210723063985,225.77998660389005,329.0758635474033,220.14213388077334,326.2032367956443,55.81722386019217,134.42718809784435,51.92379590760858,130.93981717219117,53.37803136005302,129.5811936738061,52.922356640119006,124.98855899748254,57.312145371511185,120.55992753701132,76.12508384427875,114.85902200096943,80.21904434441284,112.01360203477203,109.44663710915363,121.93665478190438,114.92074932829703,114.74013432479296,123.0626981666051,146.98831505071922,130.51844416010564,131.90907617787846,137.31299566357865,119.59694543744696,136.23181814974453,111.09356580640448,181.12810071144696,144.59356613159179,179.67999508220296,141.47868427214075,210.55810372940616,117.52622045298092,209.95472993998945,113.77597541183722
0,41.46419260291855,295.8542624301598,35.778424910313106,302.89992783343206,34.823348524656936,301.08446778782076,39.31157126945535,317.3822969061429,37.18118503550791,309.59766375432247,64.09248686083858,323.6973988736262,66.26290695901979,313.45338958365016,102.04558709495426,329.09910006288624,100.15242364122459,310.3672560019571,133.50735862020383,325.00970577802815,126.23261075192782,305.81891650840885,133.24525180875946,330.3747669720259,132.6688211174209,318.23163026434474,183.95369157148764,326.24831314086913,180.1855303092324,324.5769097437624,225.70819613600023,328.99182314638233,220.10453407010883,326.26206937070754,55.87075153410125,134.69297555391907,52.01887318507377,131.16928466421658,53.53392368771251,129.63129713339885,52.86178754895462,125.39561552454214,57.27818488086443,120.45580253601074,76.21170644809544,115.17060557427953,80.46809466268114,111.75970447102532,109.52385614820093,122.83618379186412,114.93113874524367,114.38549201517809,123.02479359523001,147.07443378010734,130.42231181248482,131.55864370377338,137.5882858118245,119.94420861416175,136.38532833731853,110.99561785088211,180.90164842506763,144.81065703845414,179.74498475771492,141.41394458207927,210.92234351597918,117.50032621289863,210.33250822551508,113.72791415355245
0,41.58661434193349,295.94974692923125,35.80072317963437,302.91088592029007,34.83916248064585,301.1512101439179,39.30966811105995,317.4535427046604,37.21807082576455,309.6550430673068,64.13247805185269,323.77468999018436,66.3907451728465,313.4948007364742,102.05841056547015,328.96026377443405,100.16830412711504,310.3235436236272,133.69103793406114,324.99620720910247,126.36520081357015,305.7820716795374,133.35970844011848,330.3357129394031,132.76556248244842,318.2494848704729,184.05739085538397,326.1897573127121,180.3239124991733,324.6734211374502,225.70112246182296,328.90462878493014,220.23333495145016,326.23803056185363,55.926046618525845,134.619474029541,52.04519886550508,131.1754310357766,53.52550127098597,129.57314279274863,52.852234123901994,125.34669403326316,57.10317696685,120.53456974967581,76.04661552152484,114.93438100150374,80.06798786696991,111.62764473274106,109.4005906890711,122.50282305733103,114.72041502641272,114.11670738712687,123.0048736018838,147.25813851278338,130.43017981336524,132.1350966031434,137.42711376526194,119.57767062890726,136.3043574150362,110.5901952211974,181.00635842585191,145.06086282573762,179.6792840858815,141.46372085321144,210.96066205118603,117.85032652557874,210.364055495188,113.96712163706295
0,41.58661434193349,295.94974692923125,35.80072317963437,302.91088592029007,34.83916248064585,301.1512101439179,39.30966811105995,317.4535427046604,37.21807082576455,309.6550430673068,64.13247805185269,323.77468999018436,66.3907451728465,313.4948007364742,102.05841056547015,328.96026377443405,100.16830412711504,310.3235436236272,133.69103793406114,324.99620720910247,126.36520081357015,305.7820716795374,133.35970844011848,330.3357129394031,132.76556248244842,318.2494848704729,184.05739085538397,326.1897573127121,180.3239124991733,324.6734211374502,225.70112246182296,328.90462878493014,220.23333495145016,326.23803056185363,55.926046618525845,134.619474029541,52.04519886550508,131.1754310357766,53.52550127098597,129.57314279274863,52.852234123901994,125.34669403326316,57.10317696685,120.53456974967581,76.04661552152484,114.93438100150374,80.06798786696991,111.62764473274106,109.4005906890711,122.50282305733103,114.72041502641272,114.11670738712687,123.0048736018838,147.25813851278338,130.43017981336524,132.1350966031434,137.42711376526194,119.57767062890726,136.3043574150362,110.5901952211974,181.00635842585191,145.06086282573762,179.6792840858815,141.46372085321144,210.96066205118603,117.85032652557874,210.364055495188,113.96712163706295
0,41.45301961157606,295.8211809502273,35.7502962023483,302.8582351622034,34.78091857593912,300.9737819765435,39.29297582596695,317.3649341051696,37.13222843624767,309.538548979212,64.1148993734251,323.70386254982867,66.31418202454562,313.44029591044443,102.04839344716441,329.03685927469223,100.17006548945767,310.28327081398885,133.6929547008455,325.1041971237933,126.32313778733959,305.7792714916292,133.3134385736495,330.3464181368468,132.70914025380821,318.1817892371631,184.00885090803234,326.1158127206271,180.24317947694055,324.5965744518843,225.64559754682944,329.0038309628846,220.15890277605598,326.3292425249444,55.84456697770351,134.59161938526591,52.06618132121822,131.16015406123927,53.558551847625886,129.56196317203708,52.794053389000766,125.37280367241532,57.16913565205786,120.42969903164223,76.13592821822883,115.00811019451892,80.24779332610609,111.62806564706271,109.32099438207754,122.6053530145864,114.86951996007731,114.09745711772169,123.09625074159295,147.12455973390672,130.45898994880636,132.0389413677278,137.48029837336563,119.54126239213787,136.33477283635904,110.63930484584121,180.77421207872695,145.2946669281506,179.28878178868268,141.27898752181255,211.1003318351785,117.92974879780753,210.46108700450836,113.89715511134413
0,41.44606690085613,295.846990666624,35.71942095188279,302.8277565346389,34.75964647994758,300.90943354934944,39.281718832223525,317.40336716135994,37.085873895358546,309.52305115246384,64.0931145267783,323.752095241234,66.34312992392425,313.45558447290637,102.07224878498927,329.02512752345353,100.19659075959358,310.22444914520764,133.75871967651682,325.1104985690508,126.41591272700018,305.5839283927542,133.36615780845207,330.2803212963167,132.76367679655243,318.1343769026584,184.0960134792822,326.18592648115316,180.35853224066253,324.6562372676662,225.74621360660214,328.9517268821841,220.27818181724746,326.2569836350738,55.900460159222696,134.56217378710136,52.05153197451576,131.12702691125088,53.53283636063492,129.57061049039245,52.82221368186832,125.1984040432289,57.14141015561751,120.43884872061307,76.05648345156655,115.04578321918112,80.1457109204228,111.61771592624852,109.51506512893913,122.3695053475802,114.88983375667907,114.33409138966779,123.26185576285722,147.2052239590004,130.77787112695566,131.99569523295418,137.37965912893029,119.47360833902827,136.2076291543832,110.72470103404561,180.90379149432007,145.0313320222448,179.61998779909598,141.06436007140113,211.05989509542988,118.06409783285171,210.4040446701445,114.08105956530962
0,41.44606690085613,295.846990666624,35.71942095188279,302.8277565346389,34.75964647994758,300.90943354934944,39.281718832223525,317.40336716135994,37.085873895358546,309.52305115246384,64.0931145267783,323.752095241234,66.34312992392425,313.45558447290637,102.07224878498927,329.02512752345353,100.19659075959358,310.22444914520764,133.75871967651682,325.1104985690508,126.41591272700018,305.5839283927542,133.36615780845207,330.2803212963167,132.76367679655243,318.1343769026584,184.0960134792822,326.18592648115316,180.35853224066253,324.6562372676662,225.74621360660214,328.9517268821841,220.27818181724746,326.2569836350738,55.900460159222696,134.56217378710136,52.05153197451576,131.12702691125088,53.53283636063492,129.57061049039245,52.82221368186832,125.1984040432289,57.14141015561751,120.43884872061307,76.05648345156655,115.04578321918112,80.1457109204228,111.61771592624852,109.51506512893913,122.3695053475802,114.88983375667907,114.33409138966779,123.26185576285722,147.2052239590004,130.77787112695566,131.99569523295418,137.37965912893029,119.47360833902827,136.2076291543832,110.72470103404561,180.90379149432007,145.0313320222448,179.61998779909598,141.06436007140113,211.05989509542988,118.06409783285171,210.4040446701445,114.08105956530962
0,41.49688499332092,295.84850936639504,35.76953611225662,302.86662004814775,34.79355656915378,301.008971095476,39.29803008242592,317.36016362925045,37.13937468849933,309.5511689107926,64.12228016038014,323.7050380425375,66.32714124294142,313.4368290760478,102.0596094477362,329.00959697785925,100.17826412378814,310.2994993616323,133.6687851940412,325.13040730523284,126.30193558134562,305.75781406340053,133.2846754795529,330.30890938805754,132.67055744704803,318.16539027886313,183.9667915779074,326.07777160894676,180.21717098957515,324.57850955900597,225.615833816133,329.03284099141104,220.14667773864429,326.3484314465132,55.8863786687505,134.64310385281922,52.08544878391404,131.16697457735657,53.58265650457668,129.58732232265785,52.875311263484654,125.25462320046347,57.231468121622505,120.46330401311155,76.18153816183613,115.03767303521516,80.32377181769652,111.72844229526207,109.60310132515862,122.11745367206511,114.9377836711666,114.15534970760345,123.44112629470429,147.24353159294753,131.119958808385,132.04285263311667,137.55903147168726,119.4787642838525,136.40724960386444,110.69206125853492,180.65012841521147,145.33692877097207,179.49158912125029,141.32936636502626,211.2812716627368,118.1105667739618,210.6645771085907,114.01501657454693
0,41.49990235956221,295.83901544789796,35.72798986879655,302.8208981873559,34.77271053333974,300.9137909498371,39.318905687085085,317.40309177773895,37.162735420187516,309.53172982638,64.16182177054449,323.71785292390916,66.39794518663476,313.4403504418545,102.16408827391312,328.9739129863801,100.31859248660388,310.1724343596912,133.72243534345083,324.9716067267246,126.39197943494727,305.72068907940974,133.3773445761883,330.31872367858887,132.79368463822595,318.2235804057512,184.18652169815616,326.20293346467565,180.38531086335217,324.6939886812304,225.75765540562762,328.92771874724843,220.26667785644528,326.2256492051922,55.841821107222,134.59173935436812,52.04426811890281,131.14420430542992,53.514094416959296,129.57818422161165,52.818557897379975,125.21894602541063,57.11890423236115,120.49866695091373,76.00664650714458,114.9314240357915,80.10879018516738,111.66092116246458,109.43837765708487,122.17293461033555,114.81827715147344,114.3567750929809,123.14542037094195,147.20527303726948,130.56965941592202,132.34224098080495,137.29996269107482,119.19655878348429,136.15837989075814,110.51117988961641,180.832411630166,145.3303113843574,179.56036491097564,141.18219699546938,211.05141152495545,118.21877345100778,210.4253866561336,114.16214777211674
0,41.49990235956221,295.83901544789796,35.72798986879655,302.8208981873559,34.77271053333974,300.9137909498371,39.318905687085085,317.40309177773895,37.162735420187516,309.53172982638,64.16182177054449,323.71785292390916,66.39794518663476,313.4403504418545,102.16408827391312,328.9739129863801,100.31859248660388,310.1724343596912,133.72243534345083,324.9716067267246,126.39197943494727,305.72068907940974,133.3773445761883,330.31872367858887,132.79368463822595,318.2235804057512,184.18652169815616,326.20293346467565,180.38531086335217,324.6939886812304,225.75765540562762,328.92771874724843,220.26667785644528,326.2256492051922,55.841821107222,134.59173935436812,52.04426811890281,131.14420430542992,53.514094416959296,129.57818422161165,52.818557897379975,125.21894602541063,57.11890423236115,120.49866695091373,76.00664650714458,114.9314240357915,80.10879018516738,111.66092116246458,109.43837765708487,122.17293461033555,114.81827715147344,114.3567750929809,123.14542037094195,147.20527303726948,130.56965941592202,132.34224098080495,137.29996269107482,119.19655878348429,136.15837989075814,110.51117988961641,180.832411630166,145.3303113843574,179.56036491097564,141.18219699546938,211.05141152495545,118.21877345100778,210.4253866561336,114.16214777211674
0,41.48943095627226,295.8439805327869,35.76631445217627,302.8646620297041,34.79321115128116,301.003149185806,39.30425835644025,317.36482163413626,37.148721131636066,309.5495943163262,64.12370416908065,323.70142772236807,66.32480261609962,313.4332449991195,102.06075994461929,329.01663221140376,100.17923989567731,310.2805892318976,133.66251743889842,325.11927914853953,126.30177295269743,305.7458866807281,133.27541774295153,330.3156590133417,132.66642755300887,318.1595745039768,184.00390249459852,326.1043270423764,180.22758258315565,324.5763702236238,225.60620378089072,329.03597586584874,220.1393775939941,326.34597207991806,55.89842259698581,134.60321139976625,52.06221842395209,131.15072694371958,53.57035452096573,129.57063366624175,52.9073853962162,125.34475271506388,57.210108663134,120.48451264178166,76.20173099498057,115.03845147109422,80.2954515842576,111.68150302073994,109.43656186118643,122.23880378222856,114.91243779473972,114.02476947463927,122.8716175692069,147.16788357593973,130.49056880338205,132.1523844234279,137.6163802468097,119.52490739978728,136.45634715915344,110.62415670176021,180.68924329317912,145.47288102947297,179.37184672281532,141.33800414038487,211.24675944432073,118.25225028366339,210.63285511392385,114.14064331054688
0,41.49921689997065,295.8356508598953,35.73018669958559,302.81925883684,34.77189873413718,300.908935609411,39.31286423441042,317.4071328960481,37.15600044369079,309.5308927692351,64.16714617872485,323.7147310006814,66.40216143514208,313.437465048618,102.16913917027607,328.9569414482742,100.31592322631202,310.15071995219245,133.72834995250008,324.966580975642,126.39400960497287,305.6961342670878,133.37405638620643,330.3089243841953,132.7888956613491,318.21298120373586,184.1645221413726,326.1965873718262,180.37399876403376,324.68806657009435,225.75481007630341,328.93498301271535,220.26468733555294,326.23136205204196,55.87450946550912,134.56430323866547,52.04050817143732,131.14492343840053,53.51450770877185,129.5705852696153,52.858215094848,125.28503264130138,57.10774132130677,120.54731237692911,76.02137716817114,114.92964767510773,80.08970887179201,111.653146687492,109.36514268390872,122.27823680815149,114.75292193951384,114.2357808002683,122.72903256589267,147.15120309923515,130.08727730864686,132.37123805812146,137.313933970397,119.31017804380323,136.16553118315383,110.4876748069388,180.8508800620242,145.31912426557696,179.44961211347825,141.14445307997406,211.01045867445555,118.30002525204517,210.37703353012162,114.22280305956231
0,41.49921689997065,295.8356508598953,35.73018669958559,302.81925883684,34.77189873413718,300.908935609411,39.31286423441042,317.4071328960481,37.15600044369079,309.5308927692351,64.16714617872485,323.7147310006814,66.40216143514208,313.437465048618,102.16913917027607,328.9569414482742,100.31592322631202,310.15071995219245,133.72834995250008,324.966580975642,126.39400960497287,305.6961342670878,133.37405638620643,330.3089243841953,132.7888956613491,318.21298120373586,184.1645221413726,326.1965873718262,180.37399876403376,324.68806657009435,225.75481007630341,328.93498301271535,220.26468733555294,326.23136205204196,55.87450946550912,134.56430323866547,52.04050817143732,131.14492343840053,53.51450770877185,129.5705852696153,52.858215094848,125.28503264130138,57.10774132130677,120.54731237692911,76.02137716817114,114.92964767510773,80.08970887179201,111.653146687492,109.36514268390872,122.27823680815149,114.75292193951384,114.2357808002683,122.72903256589267,147.15120309923515,130.08727730864686,132.37123805812146,137.313933970397,119.31017804380323,136.16553118315383,110.4876748069388,180.8508800620242,145.31912426557696,179.44961211347825,141.14445307997406,211.01045867445555,118.30002525204517,210.37703353012162,114.22280305956231
0,41.488836891292905,295.84243456731076,35.76838091123907,302.8618758154697,34.792885893984774,300.9997856202673,39.297149737264206,317.36783722111437,37.142665566558044,309.55018734541096,64.126018603231,323.70008454557325,66.32228254407181,313.43348084746816,102.06327060837819,329.0072821195008,100.17132888556762,310.2695752503442,133.66841037532825,325.11533823169646,126.29664006999118,305.7217878873231,133.2693504175374,330.3070239645536,132.6579653191443,318.1555477001628,183.98016408811577,326.08244767736215,180.21425173813813,324.571408546948,225.6070075158628,329.0358967953041,220.14075758543655,326.35305911830216,55.90287405221573,134.61492474665408,52.065511318068424,131.15790055071722,53.5727623657859,129.58053725195714,52.89411167283132,125.35073753732149,57.24320628111844,120.49971327234486,76.19653897458407,114.98036938456238,80.32207698525542,111.71199800772744,109.41001071831104,122.17504497590612,114.92867109071405,114.05727019505423,122.84277853693986,147.16087560810027,130.4147616766895,132.33083846295466,137.5684415886439,119.40674839957816,136.41787489955288,110.55386503250872,180.69024997795182,145.48888872490554,179.35051145701829,141.3377287567639,211.21714758996518,118.23486703341125,210.60180917057966,114.12985699763064
0,41.523038636835125,296.467059151071,35.787274731255565,304.35146467490273,34.766354575676004,301.96211163880395,38.99028023042827,318.09627273903516,36.779464049660476,308.9021469741571,63.14414141956388,324.4504016438469,65.69028880064968,314.11636474484305,100.76266882703712,329.680374220551,99.52516964927237,309.55823209168483,134.07191666420258,324.82647103794284,126.7800718712683,304.3379286156326,131.27463074916383,323.8571435271717,132.40359143271965,317.55398138233875,179.90505838888296,325.9127803521078,179.93382820317163,324.58144607543943,221.7280128558065,327.6533871760134,220.38662858083455,326.3270455907603,55.213527501555916,138.71612405933317,49.80097560190784,135.56464310317742,51.742239838437094,132.86956278378847,50.9675401282434,130.69772634037204,53.77146634907302,126.54491270721935,76.5176888895776,121.67992567468862,80.51996110510949,117.35893444624104,106.17930357937985,133.03110935961612,112.14754513755362,129.9014675515597,123.15308676606014,147.4118911868236,126.26438382005443,137.32647461695748,134.94352398017526,121.02972722288038,138.36485608748202,118.40800187470482,174.71852641525663,148.84595820942863,174.99315916071282,163.33967220118788,217.74102403709924,102.33222227252898,218.91511685860587,114.83711848024463
0,40.886120336661065,297.4112187119781,35.152026398811934,303.4284108146292,34.249242515761615,302.013179963534,38.56056292439989,316.3877775880157,36.00418909102524,310.0025022162766,62.68957754737972,324.1032379869555,63.612288479977934,315.22816885651133,100.30777499342211,327.3225389762003,96.87601886017951,305.1341083339003,132.48061273011518,320.98523650482053,126.82570667958629,304.45106356886566,131.86336460014698,323.46662228693725,132.46344683948575,318.7697918891907,180.682163570829,325.4973600700253,180.85062167063896,324.03024496797656,222.11137595695533,327.74224065561765,220.60487555469254,326.8859775480677,53.92575994303807,144.5031585067999,48.31069841533127,139.75584258876862,49.79133817445428,138.50892855847468,50.52931942717399,132.46667041153205,52.234409233449036,128.13974241663198,71.59341572974012,126.87539350165696,77.84805910574957,121.63575318758605,107.29151956034447,127.77730076273933,111.16411558951738,118.82881360913886,122.07607047916075,146.24727476776624,126.11047932521048,142.00808815252586,137.52854498433325,121.9670983048736,134.08195234703894,127.00577946647269,173.19773955666338,146.0886040421783,173.87397030845207,169.7239043188877,217.27615206229254,115.00948545111984,220.36222756341328,126.46548430020692
0,40.41987609863281,297.7251969384365,35.024940174478324,302.9560529239842,33.794819095591805,302.11287087925143,37.19383848516434,316.3506103421821,34.71945099509441,310.1206199771068,61.624403246943814,324.21696460598804,61.652286667897904,323.9764105374696,98.9795129015038,327.8820394234579,95.45763697648913,306.0591723582784,132.33902281924233,320.32085234571673,127.18251662180212,302.67354341100474,130.9420514675002,323.42774139154153,130.3036718615596,318.3628553312333,178.53000263352467,324.2012980726899,178.6471412935405,321.4939516794486,222.4677621910609,328.86783303432776,220.6324737034931,325.1322497852513,49.850106254142794,148.86900727318937,45.13192251618044,142.69798921991568,46.01606741099777,143.86998407957984,48.60834580258384,132.88838770819493,49.511419661922154,131.90393931904777,70.66004321241626,125.87942637459176,74.1614826973238,128.37179265256788,106.21745679786167,123.69189885874263,110.1545206376308,130.64347099554342,123.26144717517911,146.6994914820937,124.81600367096421,150.75302659331774,130.27505526765023,121.24541394593285,129.77817770607112,131.62482438634655,169.0991743809201,158.593482356775,169.4871384615725,168.81762295707327,223.16767708378134,119.51742807607182,223.83989084075768,152.45378493011975
0,40.00363277771312,298.0989402270708,34.1504388917913,302.66757971966854,32.86718931840491,302.0163714143096,36.30601912582476,316.69117331270314,34.069777098344396,310.35578668312945,60.70347282923564,325.0276578590518,59.93409483914548,324.49382091584755,96.68033224313369,326.09446571850384,93.00783631715132,308.09555925463064,128.7617200940384,316.066434553803,125.64271632377347,301.29759528363337,129.50968015996904,323.0506785033179,129.03097937391212,324.0721976858671,177.15138211027946,321.8144200809666,177.6585506379913,319.82695791369576,222.03762016889343,327.95925726343376,220.21892215550872,324.2276377662283,49.15785389243012,152.52901373691245,41.80646374559155,145.9602391477491,42.63085810014003,145.51170330360287,48.15819104841953,142.824613539899,48.788131773162995,135.69176229570732,69.24617628977089,133.44340022040194,72.0953401555669,136.61525956450916,104.93876956287443,135.93347958736732,111.05757467240248,137.22497725242474,119.83233678155612,162.3698043182248,121.04861493678908,164.43077789369175,132.91651966905346,123.19110011116403,131.29471874731192,138.20883385861507,172.22878463033567,156.10712390649513,172.85738534877953,173.8029860324547,224.76683289028819,124.88139659693984,224.27373014459954,166.18225964405497
0,40.50327368227311,297.76369884053213,34.530202322055636,303.98036343308746,32.922872829931386,302.2193046038268,35.921010585646556,318.0903133079654,34.241416852091255,309.8210871211818,61.119764535538266,325.5502166841851,61.376112310379895,325.80288558709816,95.60042324955599,326.9073947593814,92.87741217341447,308.82971835527263,128.32572747265118,313.05385089311443,125.60701731943713,300.23448840282003,128.05851516328326,322.3927079622863,127.996689396201,325.3110954284668,176.30994854072213,317.57687400911675,176.84944488841634,319.5854187011719,220.4474110380973,326.7381797040095,219.11578918615152,326.8960529077248,49.882445498451666,157.6097348666582,40.31708672874332,151.00328486708344,41.78073045009158,151.0986180414919,43.76339258184087,144.7763349689421,46.17333410193883,140.96191804604453,65.67541432751274,137.96127770142476,70.79891430158071,134.17562584173484,103.664850976183,144.13485472632237,108.85241991744758,142.78896806122827,117.5484704328942,176.28717396220222,118.4347599405081,178.08564167960745,129.73299583869894,129.06406754040327,130.420843114507,133.4454550320985,168.7131168187591,121.59231823780497,172.09192052653415,181.43267056824732,214.55694931899944,105.29667310245702,225.0771450255201,180.2486966914818
0,39.364316713007,299.12047304247244,33.6865097599326,304.168372057305,32.092141502261775,302.49797101568004,34.53337492473385,318.3510019067858,32.788944778047075,309.9399642318976,60.339739073125806,326.80844615248384,60.137111841705796,327.81654924486503,94.99686163077082,326.8632120476394,92.4982878334164,310.61983731379274,127.73755341366781,312.08134726852666,124.20138431213061,300.60948011992406,128.31435825170013,321.3346486451196,127.80370967252266,327.8872846634662,174.62038338616722,314.93780716129993,174.8538818359375,319.2452531283019,221.1020296521755,326.56316455153166,219.41852846293867,327.3193672930608,47.10037468628562,162.46010782210553,42.4610971440923,154.8871223199563,43.31597664195638,157.97135650447157,45.13864155322159,140.7215347290039,45.87745681327859,147.62101709959936,65.02247105731865,132.68671760246403,67.84162554839732,141.21877734700186,95.53077484288981,142.01085425830277,110.33822884831403,155.74968346455057,109.28566263623804,187.97531575062234,110.82460896585889,196.37016526519275,132.17033759794086,129.59942420584255,133.97538765724457,142.37788404871205,174.91934053885504,150.117092876747,170.51463634115424,175.24550201541086,223.4824977538746,173.36792762631276,225.1010949500484,197.04213674576556
0,39.11190092254797,298.8395067683986,34.196809561141414,303.00327030869784,31.965543835891957,303.22128143310545,34.29614945643924,317.32713838483465,32.2572351169092,311.2504876183682,60.657844741109734,324.2455264544878,61.10245130469762,329.4809228615683,96.96147416663293,324.4796171876251,94.01507752176393,311.0278154216829,130.08119251073333,311.1842933029425,123.72429301207546,300.2419789736388,129.6058535007615,321.3557959259534,128.31426685708792,325.9351542488473,175.0900838189792,312.57872553340724,175.40274411532545,317.2073754795262,222.0777155228847,325.91418010524063,220.57178936103463,326.43210035230294,46.01792915620952,169.49905427401183,41.778817547417674,159.36180061434135,42.259145963994946,164.3806345580054,44.21919364138588,142.26825137529218,44.884063908473195,152.28298437399943,65.2716356188522,128.79396528650503,68.10974577671504,149.27282463448947,91.4102971368503,146.08553051557698,103.17683869198814,172.9065305490963,97.35615306320585,172.75575801661756,99.6196071644521,215.58696942563915,132.5591198619783,129.51307167303366,133.30812575780047,149.71840623949396,174.42511274901076,120.8350350927134,179.6563017010071,180.6442036362945,214.14788921138782,108.57167622300445,220.8463737211079,206.3272866385882
0,38.283427579415275,298.41224635389983,33.416194065864836,304.16638166083663,31.025026074345245,304.5231322804435,34.63426248026635,317.7817611272218,31.67766021570393,311.8233823432297,60.56046646987836,326.55699091426663,61.64407728126012,330.34298538458154,100.59881979196182,326.24488720503007,96.61967511745314,315.228981715343,130.9954272650684,310.13282410668546,126.19027219782221,295.8183671294666,130.04866543705597,321.1294919373559,129.04447351959703,327.63698958099866,176.16302733347206,312.42189865112306,176.52421783289142,316.5009786605835,222.6833567051072,325.60997458911334,221.34481036724821,326.4898947856465,45.354912318096254,173.40050741727234,42.885373782617435,162.90252473080744,42.449866191093165,168.01152329366715,47.90662116213783,146.4643452253498,47.01090188100547,158.75345570142153,66.57696740738469,135.34163076682168,70.39196097418434,159.09890417505483,86.01975420225469,149.51154678845015,96.74888828257822,201.3896861342133,88.35381080943685,164.84925500213123,82.78106717124504,235.8950438952837,135.87282305307338,137.98481763308166,134.32645317927543,160.26556906866244,180.801003468469,136.54743612320698,177.02191929001881,189.5526388324675,212.80341667214822,109.52457785059194,218.08256570292258,208.54755246991016
0,38.67024183520381,299.7358341029433,33.89576242871853,307.1473916350818,31.91981830498097,307.0692672104132,34.22218769449026,319.26119802740754,32.96357972140139,312.1522967229124,60.447532298033714,329.1384860554679,62.772487581085045,331.48025702804813,100.79817160176489,323.5450237993334,96.21331585503611,314.63519566645385,132.19470602243058,306.3744607018643,126.77242765278395,294.1510290489822,130.08007259072417,321.2807020844006,129.20021665899247,326.01582256379675,174.2237495857199,316.35290441044043,175.9083545665049,314.74818270323703,222.46379895778517,326.8136457224361,221.06507329990208,326.24161191221145,43.60456117817775,171.7167206185763,42.89790559679733,160.7706279015932,42.3118102612273,173.6684597703277,47.98084954770735,145.54112845248864,47.403883929079676,169.2528061038158,73.36255736672199,135.1920497456535,71.4848513627917,175.20790056322443,81.91277332997691,146.24425372764713,81.91964338233433,216.98148617978956,90.91988398003454,151.97423298319833,62.34292551149358,251.08065514486344,136.70772661199223,137.88598426639055,140.18463000361783,171.62857604730326,173.12513325745576,127.01315347640241,175.11662857767212,193.10176521676485,222.19901666987127,112.52774018772313,219.21138996657928,211.935348529503
0,38.67499032292341,301.31141967773436,32.84967515382124,309.90505594972706,32.02436567711706,307.98026758412846,33.14768072731136,318.6430975304275,33.11727857836787,312.36587171710903,62.79604319834338,322.7149962644108,62.058104282833746,341.9500546439749,101.75550328388114,315.0906617711802,92.92470854922279,345.3963893202485,133.71480137325938,301.5076530018791,122.22625534769166,330.8876696477171,130.01856939286148,326.0900527641421,130.2696804580293,333.00451627637517,177.60228582985042,312.21876642195906,177.44013969144672,316.65542729174507,222.65747926148725,326.1462589701668,221.39406534303654,326.39832155196393,46.74533433864771,180.6413131307383,47.73331849686222,176.5180354133981,45.88139509784125,182.48645262053756,48.36146308226906,158.43618326656153,49.0678486799329,176.25206664038487,75.58925134530338,143.09674777046578,73.39914814054657,184.58487781462122,71.42954351000218,161.6790621038343,73.03212417839721,235.88191954815974,59.64618568222757,184.37894054084526,49.689023922144436,254.8410716572746,144.06025616739697,140.58674262625271,145.9166810030764,173.68073410909685,182.4200641058887,136.95423771592436,177.40553607841846,196.7735613713499,215.34907045512617,112.65155545844407,226.58599333689,213.8798861269091
0,37.95008051580715,304.4439888000488,29.10028914219357,309.70401772671056,32.57997502934747,310.68139782264586,31.463655699102368,316.6729495970929,29.939879027055333,315.51769588032704,61.71607876318106,322.84344585293627,60.91659364057946,349.2301798898666,103.19870754103586,313.82263880245023,92.76427337172117,349.94429869729964,131.86302825453367,293.7084507613886,125.67718687699866,311.65760072176573,128.52107471999724,327.21702887738337,129.5163217257959,335.2656911881244,175.68049502990405,312.90219495179224,177.37627098597392,322.57744947339665,223.70640464150225,326.55896086145617,222.95560445439628,326.16250319559066,52.02808388033061,182.4978448711458,51.018524209452416,177.7966112324449,50.56822530716812,186.52874944718158,52.70260904737087,159.74864524466093,51.24922504326222,179.16481078726346,74.45422367234303,140.66382686427383,73.94233790580472,181.9081871908219,73.99898442085542,158.86902599334718,71.65621054851947,234.36222321557216,55.798236629505844,164.16002228533634,42.299606392420635,252.37784364184395,143.48514212969053,149.2581311460401,143.54836838480102,175.34074453135005,184.7623695808371,137.234473269103,183.29631263851502,200.53095752528455,213.41345554806406,114.60886190504324,229.17748723005383,214.6389319998319
0,35.84808104520017,308.29921089547577,30.658165412863298,306.43327282764875,29.359049465989816,318.8736992757828,31.088190503688672,318.50072419838824,31.700007542427336,338.10400064186973,61.14960017228991,324.6965928968836,61.465700534958906,346.35120977182856,102.61373498155662,309.40777584138465,93.19976332274125,351.2868906427602,135.4105450724073,295.61789330654454,122.14242834377782,309.62627297698475,128.27665125397203,327.191988053869,130.11038636914188,335.56239522715083,175.13280475201384,311.7890425510094,176.55091715600204,322.69779961382756,223.23361644843698,326.96495743423213,224.39729398025747,325.023100055632,50.735406885492985,190.4171948042072,51.35342766954491,182.96898531078315,50.71013627521732,192.25030087330302,53.76493835449218,166.98474796482773,52.85835487484314,187.4333505599225,70.52489611768969,154.03337447369685,75.89331718800598,196.99901194337937,77.95930046121073,161.6306854154243,67.0624012378831,243.52835749641793,64.33464831021165,190.09748464490548,42.76905633007306,244.76600101658556,139.98083883493058,153.87474600995174,141.54340445562966,183.53574439463068,179.99828563947133,139.2463033082055,180.39888032112714,200.88903462144194,212.02321043656897,118.32448088536496,226.64392777675172,214.8092335935499
0,36.10351688997733,319.8442711251681,31.944376574896776,316.48131872396,31.74915902725773,327.05092211238673,34.260091593846134,321.9780354421647,33.78171203297037,344.373949920154,63.73028698856966,323.52979317649465,63.24603801193632,356.009016968774,104.25024421968608,304.1471136687232,91.46466349073025,355.26614511208453,127.47753305385767,282.81799580308257,120.61490516464944,309.5896714945308,128.56804483048037,324.1166476015185,130.5539358465165,336.58082520531826,175.4215710694308,309.61612399992396,175.79386870231033,319.9534259458057,222.0011422942957,323.60955320264475,221.91869091369944,326.6221634473957,53.669134624263776,200.22083671444753,49.99624657507387,192.78381846693696,52.799178207476515,199.11510876514873,55.11742808287625,176.58921798956197,53.75425862524793,198.24349915551358,76.98563602427744,164.91771066696919,72.05613321096786,205.43338377905673,84.39841646975185,159.3759639552382,66.42202976701172,244.8947401328165,80.79501319055112,165.32823641417457,43.65777350707375,240.36035113725507,142.25892481037988,161.26949704670514,141.1267014735721,189.6064763303663,179.8103810048474,143.08512917190302,181.69811118328508,204.10713421555815,212.8197171700433,120.17681370719535,227.06036732727998,215.6741671953045
0,33.69328304152415,330.5176672138152,32.824852108337716,326.28174771168193,26.84613679480676,337.4660847085421,32.31148588348547,323.9418717056024,34.07271651035763,347.24822692871095,62.39083443280946,321.4735404022404,63.57925873593345,355.36026223604796,101.0438799685147,298.6241380316312,88.1349870750941,357.94715598684843,124.75898821736864,275.55253200843686,102.13526133799182,336.5075752070693,127.3103239227453,319.8758814925053,130.8870923926793,333.92442026607324,174.47762634593587,307.6365158894023,173.96434076338852,319.0500579458768,222.5844731108512,327.04208325245344,222.57171314615042,326.3811836930572,56.430474315900256,202.8512710696361,53.79248576584257,196.42214460529266,54.64812615745426,205.97140961856138,56.17024294205898,180.47421832475507,57.80377043096512,207.0014753748159,72.02854850255146,160.3037763626849,76.16396821965824,208.7373028614482,89.68423999529428,156.42358842443247,77.61117435119313,229.0338738875311,99.0358697762761,163.23517025181505,59.00964841694412,230.28284635074803,140.05742651193253,163.29620657748862,141.13247815067902,190.7080551209997,177.6701772422988,144.39473097754308,180.5703675265139,205.72952714572187,209.5089742235569,127.83661389585401,226.143587972216,216.70301130951427
0,32.62821055199816,338.3789394910218,28.920769291220548,331.56858291625974,27.97436968156093,347.72241468898585,33.494224904114716,326.149161404469,32.86337426536441,356.0200513996062,61.711113885276674,320.99313981024943,60.930431860098565,365.3134674447482,91.37784667336261,296.2190080361288,85.93096836860933,371.14944076538086,118.86104322838659,279.66496036091786,104.67076023872652,345.51219358600554,125.82018248404863,315.73466988547904,132.1438180399682,339.01254198981115,172.87268991420922,307.8767383387831,174.64037730162624,318.526661381956,222.43531542367884,328.6535184578817,222.35711960471355,327.56727594469413,56.53172072968952,207.9122995439123,49.42677749870972,204.92293229024918,52.60768230220814,212.0614803626889,53.71237032401129,187.3191113456351,54.97025184433694,213.59163854630268,71.39303741059773,168.41346681938796,76.54339496829967,223.55518836349736,104.19165355306832,148.96772139502355,107.43874855239156,215.63281739031683,103.07332488539305,156.01840505130954,117.01273974482876,209.13794922125143,140.1090785802337,165.91289492747822,140.14497011807296,196.6440029206823,179.06995293019347,141.88231077350554,181.00201146960876,207.95957589071304,212.53313323500242,132.9672568274326,225.60948861077657,217.178363656216
0,36.481867735867674,344.2162434632661,38.17530036096128,341.41889485218485,32.53867205684049,354.8793333710217,36.351799762310755,330.1941514437316,39.46702812866843,358.82091413404123,62.38890842576101,318.03434260946807,63.996180796252624,365.59935517858287,91.80403050239839,291.4494237055544,87.31147457775056,372.4164385436011,114.35553497353983,281.6852407236568,92.28424181962878,343.64741022078715,123.2213840781098,313.38442302766396,131.57835285404184,335.85922332513525,175.61399637726302,308.35045678810997,176.98786270062539,322.2310543685663,221.61864710595322,329.48265082562557,223.64472571061683,328.9105188588627,57.31119312029428,216.8162989506956,53.16080921548635,217.223251868076,54.00784171307025,225.67878734401015,53.969316867966725,197.84579885514057,56.66199232506628,220.0309214857758,71.68280537264334,179.05695515616995,79.82978461072852,224.25415561863633,104.75442259793454,151.2001555270836,101.13637803626183,239.8546275217025,108.91470836975414,160.5774190683834,119.22133288605842,239.24290166135694,135.73072593570373,160.98141075978515,146.44752510347513,193.7699372213395,179.9162912319361,142.8145661275895,185.74703900431103,204.8890239778112,212.04922833220328,136.62343684767114,226.31586547219072,216.82587671123568
0,40.51340773192094,347.73364066139595,39.15511780575767,346.59108662839793,41.02484996578236,359.33149581659035,41.84938090823475,331.27609688180394,43.682255670814314,363.74063025302576,58.5095155943243,318.33373129797764,62.837048802351084,362.74353671152085,87.22601255110507,290.1362609988353,96.58821924239241,362.77315919594685,105.59858355744514,280.11347643742795,105.30328084520724,346.2106168903288,123.681151395017,315.0574507791488,129.1368855688856,336.71508290025054,175.31008677902616,313.09838124259574,177.92731598374755,322.777082149318,214.50040898298352,328.75759847046896,219.46911672483452,332.8568199970683,61.01980638256962,227.3435833235256,55.20922321853242,225.35113877468422,55.09959672522668,234.33523153086176,55.38609060969377,201.24081538466157,56.40219037149854,227.10211457580817,72.03072450074507,178.19627807179435,82.52682281652262,226.50773191921047,107.05434516550963,153.65418213390913,114.22481665339494,229.84686457446364,108.50490803298554,163.99385144593285,124.62624291928938,225.62226621909218,135.74722938339943,161.46461324379092,142.02180686515845,195.0520197508765,179.76403318415032,146.1196358227339,185.20161880730345,207.86625731108617,213.6862617453145,138.96796885631124,226.29127091323772,218.18808428654904
0,52.30053256336271,352.3795917198306,44.28733991711868,349.8644040467309,46.432635317194645,358.33929680996255,39.27082943298656,345.28735785562486,44.950401623014336,368.020495255267,56.37855276789689,321.7723395550837,65.37996343503961,366.9945174483002,78.66484805092293,288.46729106590396,86.45639969030192,359.1060411547051,94.7952760291223,280.33737627248297,92.5366303933099,349.07071777718966,122.42233845606985,312.7933066321201,123.1990811046541,329.1463971997871,172.62134397832838,315.7223440826916,169.8974297083721,318.54897086346733,211.40023250283355,331.5772111486216,210.92979889706626,330.8235672935111,59.40830566722494,235.5744441923548,53.87478661413637,231.65363580672468,55.73811980726805,235.99635098566773,55.122727626345934,204.19365306916785,55.961825593147864,228.95074607817853,70.73796383951611,179.4068859413022,84.59734457144465,232.3911952816072,104.74715807030238,155.5071144604292,116.02711101393625,231.5946563376755,107.70146639730028,165.69775624509717,112.50666468378175,224.7253056385478,142.1406480858363,169.14716308468678,143.26267151511394,195.86893299290392,180.3229542470349,146.67083386280498,186.7365872872308,208.96231172905593,215.1677690812343,139.19817081826633,226.69679552779914,219.0132849396252
0,51.48391229501042,353.2171055653056,43.9973484246842,352.38451999601773,46.01755794959982,358.5566194753178,38.87330587910864,346.04453193789624,45.885267692526384,368.0432921112561,51.743906446071485,321.7540786899504,63.00504957208979,365.70441162293076,74.13111616539831,285.7665391390441,85.76055068179114,362.99854160371376,80.28931336081706,287.97447912497597,87.78128908582302,351.921192506884,119.69209510921813,309.4931986136515,120.02044772607674,328.34954061039156,177.61549873549703,310.4307210203077,168.08282462797015,319.9769122833111,211.3008905914781,327.38608442838074,210.50315137477736,327.9437628448987,64.07742657439078,239.90319115060274,57.04519716569179,233.46102895267674,63.840489066326555,238.18560442064629,57.45124259513894,208.63873733770652,59.310371636109025,230.13951684451493,70.691210791237,182.03480367191503,82.86757687583489,236.93336761349536,103.64456271631111,156.03911608086258,115.48548436535454,225.13249201852767,106.96770710525116,169.7451211272693,110.00838250076214,213.4952549606073,142.9051371361925,169.6119601953225,143.0350317287939,195.27650784351786,179.71387098243198,149.3326919430592,189.5393441946395,207.07669191204133,217.67981988778385,140.50194457945275,226.67116068311304,219.191009621542
0,51.636491567977345,365.00588413379234,42.95141680623583,367.11481987374725,47.08215204545253,372.41822444728166,41.341644860302225,352.81678230410716,45.73894155828446,372.2436107823106,52.820653253268695,327.5581957832712,63.94859074805066,370.4209358903228,66.86041082866451,284.7497600993172,86.75608463979137,363.9371880390605,75.65935706104021,287.97199385596105,91.26589692565443,357.16936357842116,118.99111456203954,312.36191205509374,119.54345252476824,329.6260350336794,163.0302522491297,322.96719227775196,167.39762040370485,324.90130142462056,206.29539450215552,326.7710675974361,205.5854599710573,327.6135676587214,64.20998505113037,242.77572860717774,60.173024548150096,247.2669563324725,62.51035405687717,241.75790256437708,57.95424897188967,235.27583291726035,59.951420166331864,232.19481233690607,73.96251192241135,187.94142720582056,86.11270285888038,234.65719997218397,103.81504592500201,154.96211050690198,117.60341405127332,225.5859799963529,106.71653723840268,170.15417009572514,122.25330143271331,217.87538754822776,141.44394897302814,171.0142776676866,145.17738729684464,196.47462972422116,179.5978428341564,150.53216892930328,189.17420457434775,210.37109764912088,218.80096834805343,142.32865615907264,229.0677343971371,213.96433755843367
0,47.442089229050076,363.1082523252143,42.20402224446825,358.7520552775899,44.43131608419468,375.7994765672527,37.26703616127449,350.0628138557809,42.6679461681781,375.05219652769995,55.47942198125809,329.3223196186003,61.49140459762336,374.2008937335405,64.64386282807186,297.2560749863992,93.25207195380808,376.78580049608576,70.36932215912971,290.1352705720995,99.50454806787361,360.7947085146044,120.89125693523822,314.71849580358287,118.79197981444047,334.83381332647605,163.05917595581687,326.1686277545866,168.60956134697315,325.5450774396052,206.96233055628642,326.89586272943217,206.04551356814684,328.2859379002305,68.24787831677055,241.32090556660637,63.321551130225615,245.36441235151446,65.11702533583566,243.35624068838652,60.930798110566606,229.1636920866419,61.72071031955857,234.70000781074899,70.8643770366135,190.6808705314261,87.129024051014,235.19329962808578,105.37502158367572,157.01798522511467,115.92113492896519,231.5181140055422,107.51781194815364,172.9127921182601,108.82508620820514,216.94781371570025,142.54140001998664,171.48528045279082,145.05389032709783,197.4466330231213,179.77703809985223,150.84685470080765,189.20052017449095,210.98735336553855,219.36565130362237,144.0639925221928,228.88568977000182,213.99284112648886
0,49.83483797775031,367.5556459989704,43.099744885696644,364.9703339998839,44.74583484965902,377.8489516836698,40.22465586291693,358.09525579858996,45.348081074848075,379.33499940966,59.34305394622328,334.39946996344895,63.37808004191502,374.26444872871775,58.9205406860984,300.80989055008183,99.94805520803817,379.47144381413693,54.43430510209632,301.9628266819188,126.89083676511142,345.7838758875112,125.34274711015928,316.6033692219218,123.6768471119935,335.3671618727387,166.35463718552663,323.47946136662216,167.1277939396201,325.4099165681933,210.60061297639044,332.332186251781,209.0509649088963,333.5173364733086,66.80889526426483,244.53353361536244,66.19674969213614,244.27649913225017,67.65809587431694,243.23711341482695,62.22389242933204,228.07524241463082,63.81257238042169,236.12093957994804,75.72375598966767,184.7903739804127,88.64547336163298,235.66333175409036,106.46773691127954,159.845414980904,118.41358259922481,232.32512911499524,109.11527821437065,172.55759087234247,125.54215066544131,215.40904911228867,142.10396255730348,171.8288453774374,149.99401373196142,203.32735890873144,179.4667614556347,152.34838934726403,188.65777999008256,209.84880705036102,219.26700694820423,143.70648391598561,228.997660266303,213.90423031165952
0,48.30289224021793,365.0418939504467,43.96266719343748,365.68400969700735,45.227081254973925,378.7153658132084,41.58946874351699,359.781960027726,45.90057360199449,380.52739276573305,58.661703080093304,339.1373875633615,65.19810428520557,383.2850311779585,59.4075684621544,305.21112304437355,94.95555765023502,381.870618638836,50.59248419252702,306.5770687478488,109.3370485849331,366.4187898592871,126.51806636671945,323.0439121777894,129.09062645472392,351.857190354144,169.81620207475257,325.81195245648996,178.77498891563613,336.22782975493885,211.8017586031108,334.7182626317759,216.59218435336888,343.99015589620245,69.55350226565346,250.03509817592433,65.69934425946961,247.33293047732994,66.91531941804243,248.66048231906578,61.410095649679704,226.04552061987704,64.27212263512487,239.36795854412142,75.38381238551955,187.58623209468655,87.87539176743265,238.1415825765641,107.03023714846279,162.3662895984337,118.37573951760722,231.46255501919106,110.31678320336218,173.20859093587907,127.20750296795306,216.71765844626503,141.66449290853706,171.89953444433993,147.26381272231976,197.82331146490378,179.8568255963103,151.64407256079502,187.28654562994606,210.10973132711942,219.1825401820049,143.40885761448595,229.58812591078367,214.18926599221152
0,51.93230098269763,389.17263319746394,51.93540436739748,377.6415005668265,52.05993826278133,375.7834041157707,51.14631202183857,369.9477743430216,51.36714425358747,384.51662307489113,68.85404132190763,343.20522319606096,67.95416694601582,377.631963704844,53.75323984412949,309.10735207854725,94.74477983385788,376.57862612614866,49.12174764445408,286.0995733667593,109.41047441156417,371.90218212565435,125.70386603953307,325.8006467318926,131.63558167373577,348.86021767287957,175.38987797158987,330.93527420544234,175.61084158309382,331.6726861046963,211.3226667018752,334.20703338873193,210.660019474326,335.8641815935979,70.53169628004953,252.5634361837731,65.37303088489591,247.31818007172132,66.10397223240352,250.9308758082937,62.77565917573444,225.49736270591862,64.24079041159833,240.22812882720447,75.46771532760383,188.29218891331408,87.39509224768129,237.05432918736193,108.26438832653618,163.50423129660183,118.0253103977658,232.0976319109807,113.00324590589098,172.2352816097072,125.85386543076272,218.56754996502985,142.08030882524085,171.6586528465396,146.65909959862267,197.49317694492026,178.93350346224295,152.6633123304023,186.95264482251102,209.57146029863202,219.1374819661669,143.70541646363304,227.57825892947497,219.7694501908099
0,51.75438658561113,393.16402288655763,52.91726071846917,382.6222591462682,54.35220653158395,394.38623776670363,52.38094974181812,371.421552501741,53.46463178723587,384.9878548919177,68.38932055142259,344.67335871712106,71.97496269898093,382.7814124748355,52.88746540286998,312.5217279402936,96.14701309599407,392.8165988421831,46.66037481436457,319.77550020061557,109.93582021881261,395.3195660262811,127.63843662874686,329.49128110291525,131.28664376451562,352.77130856123125,177.53930183766417,334.9396138050517,182.38816436214148,342.7129940595783,211.0080985429991,336.3948022060707,215.97744537511636,350.1914800362509,71.09211728980503,246.967314072906,65.33049542916253,245.47482209752818,66.26640187891036,250.45906114421908,62.84119650489925,225.21047295742346,64.75811617362066,239.43062604059938,74.9274280133025,189.7115379083352,87.56497399918155,235.08642624401656,110.32340544863685,164.1646472305548,119.48910633146453,233.55497157612785,113.5887707181545,171.86670926203493,128.62032792481733,217.35527173026662,143.19503681400278,172.46292025456663,147.7164438672634,206.16018386590676,179.6804071139795,151.8710868210089,186.8600741766895,208.99436290615895,218.80966226053977,143.73141499503714,226.92049190541005,220.08883111672324
0,52.72270645378784,372.1502339222392,45.632598718830955,365.0426944545058,48.4691864171794,378.4277916955166,46.21893816537807,362.17548744326734,51.54117572369353,381.0791633856101,65.60142366873785,355.6681888392714,75.19077621222777,389.69586371750125,77.13247759725145,321.7530872407507,95.16739759296951,395.7973143468138,50.816847213191686,331.5383493392194,91.45924625989686,402.8571122466541,129.02230360594436,332.3765645949567,131.85172925958977,355.5440944358951,176.72940310542447,340.24572177324137,180.99800623513255,342.9335732512787,211.34577341030297,343.82282277091605,212.99477951761352,350.6438767042316,70.94787777520214,247.0876648949795,64.85573435570909,247.37576149174424,65.81182364231564,253.46482667453952,61.856614107912684,226.8040334482662,64.29433286992996,244.0572624144007,75.0725465290287,189.90188252183256,87.69684264820474,235.73853874831903,109.7985396311073,164.20267096034817,119.35087668463355,237.18667214815733,114.81343206099277,172.97856790511335,128.02944562842808,216.55016794673733,142.0617463106936,173.1429882862529,147.8216101690895,206.151896454858,179.80618823501112,155.22784854388627,185.36878560120576,209.7990355507272,219.9148203597785,143.8329906526159,226.87449622277768,219.60744827770796
0,53.73842383666359,389.44039062202955,50.67540296248203,377.6274055606029,53.3672998853298,394.77969893158456,50.54571098367167,366.37076877531456,52.883828434919444,386.5538071522947,68.31942983983093,343.4109374874928,79.08202480652172,389.1748832145675,56.75582972709379,324.1550847475646,97.463895214654,401.13561425130877,44.37760419302036,346.87016202582686,106.03227518506618,397.27501467720407,131.83222087800812,330.75430763119556,134.03931046026358,355.320902145886,184.36099233281425,336.9330551710285,188.2361632035804,350.1566733188316,225.93701329997165,348.7551070166416,224.54447391490243,351.9912421930032,70.5725174147848,249.69788990958793,64.32590702037119,248.04969848882956,65.41370098331431,255.09473746252843,60.90869472681549,229.19507763972047,63.749971103174076,245.1825487355717,74.47958903732695,191.28088099995597,87.44317320591426,236.63157988376304,110.27552945626213,164.25688199840607,118.91053475493594,239.17281652982118,114.73770624862433,173.3302041600962,129.1448772213002,215.82941539326652,141.9574516177795,172.9455286870237,148.2742910434545,205.42776704381723,179.57639198105568,152.41760061295307,186.23580193396057,209.6271014229196,219.7631385684631,143.8817662723729,227.61407889726866,219.84878930263832
0,55.73624084156412,412.99785753547167,40.895711058779696,425.0641046993068,40.23332726275982,420.91219969577475,36.07658101610569,443.31575334267535,46.23311088245767,404.08825971259444,81.25480201207294,418.4969169741771,81.93199845546268,398.35352668136846,99.15673579082588,407.03389891014723,102.17684991866194,391.6355473377665,99.84098373175902,403.310128527782,90.29536809884205,401.83691817737014,132.5025812060104,397.8115458128882,135.67465907922062,355.3671454632869,184.08317757641095,359.1052013709897,184.89220637978667,355.731681123327,221.37853464314355,351.79431836487817,222.28469777477835,360.9770387149248,69.2522951926592,254.23958713656566,64.75650299151326,249.13250824975185,65.63846183934977,255.7871708322744,60.582830597081944,231.61520070560644,63.05802316616236,244.96345652595895,74.00070008589195,188.4333107494917,88.33173313042042,237.6343279916732,110.13078055110002,164.8529662054093,119.52770509868087,239.38621157036454,114.13618362011687,174.72480134807648,128.6655366729578,215.28270665153127,138.9629716626103,169.79446182876336,148.3289073884796,205.77175663181993,179.5008969232826,155.8640453745107,185.17103655721237,209.97239771983664,219.75035877919566,144.4022515406374,227.43583386673208,214.11305289346663
0,52.61674179314331,394.22221580567907,50.99196869845217,382.07436298307823,52.91280791920084,397.0529225583936,51.599007008606904,368.0989359621142,54.791321354208826,394.58225773670637,61.76368460383439,355.8631658960561,78.34481234377529,395.6682459971944,58.99367384836464,336.96451502315335,102.80615155313916,395.1048547338267,50.85484317917898,353.51949518547684,91.22512888043654,402.96571086821007,131.92821949380667,339.9012972972432,133.55557583033112,366.28226989898525,178.9080698873095,343.6596033162758,177.85537296749766,368.5360774681216,220.31524703663246,350.0260460525262,218.39380333460673,371.6590136168433,69.33222784526608,252.16209454849118,65.00314916106703,247.57743500568827,65.38754565975208,253.21920800130874,60.74273958354416,231.72217906264007,63.46337708784508,240.3225281512151,74.14251361115608,186.65133060392787,88.85888078916875,238.71395107331824,110.54604810013053,164.70112826550593,116.49240568882442,240.5479057874836,113.04321676832406,175.3176532057465,111.27478354458981,224.20240667374406,139.3135802115801,169.2363260300433,148.68314416915024,204.83333922839554,179.62065654220976,152.40240407224562,185.90149052278983,208.6890112079558,219.03140507831472,143.30478987146597,227.20852068174688,220.179773149334
0,54.688508463647075,395.9840196703301,54.942858997404265,387.61388992559716,54.86892478824279,399.1589781026371,54.000342650734694,378.16181746936235,57.48200360233919,398.5878733713119,67.32368957193404,356.3275001713487,79.10760185755596,398.7527184158075,62.73305416601309,337.78362485854353,101.81372299589641,396.67664492247536,63.43700772616529,357.55453665061077,107.51757942950786,394.15957591572743,134.15586177549213,344.7607289423708,134.415928168618,367.4591429554048,180.9384922141238,343.53367819121627,176.2041478527642,381.4086776108038,220.47293298355655,353.8046051650751,214.12052324522344,390.00202392906436,69.4908243782162,251.38911996884423,65.51308674392304,247.24119058202524,65.69327306994502,252.63058471367006,60.94785866218527,230.67448343996142,63.733219680390825,240.3528926036397,74.33709005247125,186.4758348933986,89.01815270142234,239.1815988134165,109.2968410037342,163.99700711047063,116.65478300183547,240.54688877668536,112.76855429126807,176.87102541063652,112.25476836417005,223.99607106505846,140.16698949942315,171.88995054901622,148.56252478564957,205.02166617971952,179.44889842907997,155.22654728811295,186.47128149635432,209.47468783581843,220.32203342259857,142.7555106553875,227.81324926188572,220.4598669208464
0,53.35454899288829,405.01380497666656,50.00438472767568,417.10389369902066,45.11667118727234,428.4259797643443,43.242468156962815,435.3022681369156,40.78309710408739,420.9052326264929,62.43509596987709,363.32325093003567,56.55262724723222,411.29986147020685,66.30267520766184,344.3224153518677,102.37652026556934,393.0044643214492,65.71078185837503,373.01832216606766,108.80263404648538,401.9966399958876,133.05709953505757,345.43083510789717,135.3733508830861,369.2382041368328,178.82851390146837,343.6152004339656,172.14590920561952,384.92224610750793,224.2055172549628,355.81742767584126,216.155570786234,408.6175759237321,67.6691470306772,249.7877137074705,64.40377489396327,247.1067120348821,64.2192747086441,250.30864340672727,59.8016828625931,231.94089227895267,62.61233935578499,240.32149478099385,70.85864572080305,186.15612268916897,88.59327225363933,238.26884389158155,109.18208297176064,164.07129286469007,115.11230000313081,238.1377094831623,113.37320745300134,177.51156907628794,113.17992645471206,220.44512776234112,140.58857839712823,171.52987215010847,146.02958157396068,196.55013664120534,179.3952989331181,152.8524272606021,188.09041903797208,207.82872981712467,219.39925226399316,142.130963097244,227.42897120658597,220.02729242043418
0,52.579588539242124,407.92669022356876,49.901935399505135,417.9634075602547,42.42559520938853,428.024268678759,42.00298097837774,435.7282163041537,43.91922509979089,418.9649423442903,63.73995364885873,365.0752547334452,55.068115985455286,411.96984525958044,64.75772673848996,352.98950100257747,70.83613845350828,402.3513225117668,66.54451652388498,372.31528550445057,61.263614951020074,411.7698207083784,132.99333465655232,345.1186472157963,110.82640644923393,380.6608515755075,178.96711450290184,343.5547484464333,172.3996428257443,385.26700049853713,224.16546407017682,355.5223064109927,216.28478932751273,408.6113838821161,67.73141633043635,249.54979725509392,64.50634384155273,247.00374548552466,64.32202442940034,250.01187529329394,59.79049911894329,232.1391153179231,62.53283679547087,240.6208258707015,71.039228034143,186.1005633619965,88.60862722050958,238.5188199653,109.5107218688016,164.35405492626253,114.82163825553933,238.35066690913968,113.57794801682387,177.2764732610984,112.98724107544656,220.2673764963619,140.82783302741964,171.7229890041664,146.10274833718728,196.9546172407807,179.54728010899044,153.2029674342421,187.91833843962516,208.12577501828554,219.6431932202275,142.82288523502038,227.51932687709984,220.0871747251417
0,52.579588539242124,407.92669022356876,49.901935399505135,417.9634075602547,42.42559520938853,428.024268678759,42.00298097837774,435.7282163041537,43.91922509979089,418.9649423442903,63.73995364885873,365.0752547334452,55.068115985455286,411.96984525958044,64.75772673848996,352.98950100257747,70.83613845350828,402.3513225117668,66.54451652388498,372.31528550445057,61.263614951020074,411.7698207083784,132.99333465655232,345.1186472157963,110.82640644923393,380.6608515755075,178.96711450290184,343.5547484464333,172.3996428257443,385.26700049853713,224.16546407017682,355.5223064109927,216.28478932751273,408.6113838821161,67.73141633043635,249.54979725509392,64.50634384155273,247.00374548552466,64.32202442940034,250.01187529329394,59.79049911894329,232.1391153179231,62.53283679547087,240.6208258707015,71.039228034143,186.1005633619965,88.60862722050958,238.5188199653,109.5107218688016,164.35405492626253,114.82163825553933,238.35066690913968,113.57794801682387,177.2764732610984,112.98724107544656,220.2673764963619,140.82783302741964,171.7229890041664,146.10274833718728,196.9546172407807,179.54728010899044,153.2029674342421,187.91833843962516,208.12577501828554,219.6431932202275,142.82288523502038,227.51932687709984,220.0871747251417
0,53.21830785089206,406.5352790332231,49.61115403249473,417.1403070481097,43.72793743647442,428.3711866034836,42.48927238938722,435.47969826401254,44.85881077069693,419.2311646883605,63.47707720741706,364.9430085659027,56.00153453609486,412.1876880395608,66.31578999850416,345.38917566674655,69.45771483189083,403.74088645059555,66.54586257835743,372.9510951620633,59.05645186666379,412.3066292672861,133.0486465414571,345.1703658275917,111.21212665775279,381.37285592751425,178.9364096093054,343.55909579269223,172.13254610368006,385.1133204194366,224.0840672557218,355.79553331468924,216.11894842750667,408.7603241592157,67.73751557676285,249.57686801034896,64.51677962782469,246.98410293078814,64.34046598049025,250.13069412356518,59.873371183563386,231.93836883795066,62.56978239543697,240.6136577168449,70.92097348623325,186.27548240286404,88.34721510892086,238.21625925282962,109.20372602235467,164.2144555388904,115.37770794092681,238.10720461235672,113.46421548616082,177.7476450935739,113.80710589453345,220.50348864070705,140.77320458604882,171.56984571863393,145.8506067305649,196.72942637459175,179.2939127393337,153.21423771342293,188.1582593769607,208.0176835388434,219.13970634974345,142.32939403721542,227.33211576629796,220.04620255016889
0,53.24571010609365,406.96604309082034,49.88858506593061,417.8277470447978,43.07301313765926,428.5580916482894,42.26943323402207,435.6598985015369,44.45875706450309,419.39405341851904,63.60246523921354,364.951779943216,55.13770223034478,412.6357279886965,66.45495190398063,345.83898907958485,70.24374276986393,402.98986623795304,66.41662790861771,372.6058861154025,60.324237606068344,411.92283992962757,132.88542685236953,345.3713815564015,110.50778198242186,381.0172797781522,178.9117142474713,343.41923840358606,172.16576737319866,384.7399060233695,224.12602007080235,355.71082013239624,216.4122337380839,408.8710433709817,68.01218597629527,249.22421201799736,64.66925204973764,246.69490514036085,64.48688619742121,249.61747277994624,60.0518480607265,231.89844093948113,62.63959645483777,240.46167458706213,70.99126938340576,186.28850723016458,88.51617216199172,238.50469769337138,109.07803289383803,164.23880619924577,115.30477907249964,238.3419309772429,113.37984381067938,177.5052297998647,113.48641832875464,220.34622414385686,140.78892949949272,171.71989707321416,146.16722185994675,196.8209512116479,179.39185819477615,153.41069461634902,188.2691405301267,207.66480055949728,219.4357845721467,142.54662740738667,227.6480212433968,219.87583688204407
0,53.24571010609365,406.96604309082034,49.88858506593061,417.8277470447978,43.07301313765926,428.5580916482894,42.26943323402207,435.6598985015369,44.45875706450309,419.39405341851904,63.60246523921354,364.951779943216,55.13770223034478,412.6357279886965,66.45495190398063,345.83898907958485,70.24374276986393,402.98986623795304,66.41662790861771,372.6058861154025,60.324237606068344,411.92283992962757,132.88542685236953,345.3713815564015,110.50778198242186,381.0172797781522,178.9117142474713,343.41923840358606,172.16576737319866,384.7399060233695,224.12602007080235,355.71082013239624,216.4122337380839,408.8710433709817,68.01218597629527,249.22421201799736,64.66925204973764,246.69490514036085,64.48688619742121,249.61747277994624,60.0518480607265,231.89844093948113,62.63959645483777,240.46167458706213,70.99126938340576,186.28850723016458,88.51617216199172,238.50469769337138,109.07803289383803,164.23880619924577,115.30477907249964,238.3419309772429,113.37984381067938,177.5052297998647,113.48641832875464,220.34622414385686,140.78892949949272,171.71989707321416,146.16722185994675,196.8209512116479,179.39185819477615,153.41069461634902,188.2691405301267,207.66480055949728,219.4357845721467,142.54662740738667,227.6480212433968,219.87583688204407
0,53.73886199318683,406.41691860761796,49.998258600580876,416.871053439281,44.30823946246211,428.6488782663814,42.79020729460247,435.31945967517913,45.23340907183336,419.24400547215197,63.30284950770244,365.58581771342483,55.67895322018954,412.499483305509,66.13997028528718,345.42245005154217,69.14651012914786,403.4291290158131,66.6490390313104,373.69022002923685,59.37890012276605,412.1310163142251,132.96208005124421,345.219663244779,110.64675689855387,381.15184898376464,179.0591074642122,343.3927254024099,172.1520884222317,384.7386708869309,224.31226431396956,355.58151116292987,216.44141550014672,409.00675023813716,67.83177567887182,249.28507179823077,64.56747541279373,246.7849364984231,64.39139159602821,249.7624683911683,59.93593482773538,231.98309413722305,62.704886480934256,240.52258617213514,70.87401614411506,186.34001078371142,88.28719505744894,238.35518960796418,109.10439486330654,164.14038586538345,115.60633761153937,237.9328649677214,113.7300837571139,177.41336345985286,113.95155373509066,220.261076755211,140.65521514971638,171.64578888689886,145.80989043082596,196.732758925391,179.19759088229637,153.09134709092436,188.21219362249028,207.80071907668818,219.07503122122176,142.1167893612971,227.28746681015724,220.08769413682282
0,53.182569869441686,406.9265773460513,49.89656193392264,417.8839389363273,43.035915661352284,428.6045210541272,42.17236610768372,435.55443475441854,44.42729782934633,419.5694918710677,63.38554348723258,364.9156365246069,55.11195986258551,412.79156308095963,66.75905974788368,346.26971837340807,70.24499742972418,403.00480375446256,66.23580694445674,372.35215555409917,59.79692093448935,412.0526642209194,132.94116983759588,344.8786340307017,110.02790516275198,381.125158585095,179.17646822657608,343.42603659590736,172.19003465879766,384.72665216414657,224.16224913028853,355.43891697867974,216.3139468968841,408.69761167432443,67.91268947952152,249.0998326880033,64.61275707501821,246.6510223513744,64.43377147931508,249.51117913293058,59.97574994971715,231.9396257869533,62.580859288032805,240.53962996435948,70.9196005509925,186.18269448202165,88.32698464270082,238.51835712995685,109.20882261602371,164.18186109261435,115.13613585239864,238.29966231799517,113.45452421316828,177.46241991637183,113.78581162190807,220.14727379220432,140.6396027994897,171.9445092248135,145.9254441335411,197.01332303031546,179.23564867405074,153.62854350981166,188.23280848369697,207.70085911359942,219.34599474180547,142.72235385394487,227.52166550394165,219.89319014002066
0,53.182569869441686,406.9265773460513,49.89656193392264,417.8839389363273,43.035915661352284,428.6045210541272,42.17236610768372,435.55443475441854,44.42729782934633,419.5694918710677,63.38554348723258,364.9156365246069,55.11195986258551,412.79156308095963,66.75905974788368,346.26971837340807,70.24499742972418,403.00480375446256,66.23580694445674,372.35215555409917,59.79692093448935,412.0526642209194,132.94116983759588,344.8786340307017,110.02790516275198,381.125158585095,179.17646822657608,343.42603659590736,172.19003465879766,384.72665216414657,224.16224913028853,355.43891697867974,216.3139468968841,408.69761167432443,67.91268947952152,249.0998326880033,64.61275707501821,246.6510223513744,64.43377147931508,249.51117913293058,59.97574994971715,231.9396257869533,62.580859288032805,240.53962996435948,70.9196005509925,186.18269448202165,88.32698464270082,238.51835712995685,109.20882261602371,164.18186109261435,115.13613585239864,238.29966231799517,113.45452421316828,177.46241991637183,113.78581162190807,220.14727379220432,140.6396027994897,171.9445092248135,145.9254441335411,197.01332303031546,179.23564867405074,153.62854350981166,188.23280848369697,207.70085911359942,219.34599474180547,142.72235385394487,227.52166550394165,219.89319014002066
0,53.56515174826192,406.102937654589,49.55439529023639,417.08377365362446,43.83732939507677,428.7008862354716,42.57870067339487,435.33059209213883,44.94112910199041,419.36033392108857,63.50733420021175,365.2105492068119,55.7593294054733,412.52632605130555,66.32369496044099,345.60201959922665,69.62610940488509,403.68519352146836,66.60702069435712,373.10325620057154,59.07565011138125,412.28649218082427,132.92844683395148,345.153809921077,110.5445212724913,381.3075654702108,178.73468321963293,343.4107741062758,172.0316995413192,384.8863003652604,224.01284607210306,355.54786528290293,216.17279329448164,409.0567050996374,67.84623753221541,249.30975544100903,64.5919221275211,246.7786347123443,64.42673375816543,249.74801143271023,59.98450367191295,231.90597990692638,62.69662131670225,240.5627362861008,70.93582779879397,186.2920763109551,88.26895712817888,238.40198846410533,109.22241084439766,164.1614124954724,115.36101363977619,238.10135202876856,113.57642589331908,177.2833046834977,114.01424439089286,220.343725923632,140.61896945775482,171.71829521304272,145.8757187443076,196.7006031161449,179.17795448105568,153.0764756937496,188.28743490901016,207.7420787248455,219.1911722687242,142.29015732436883,227.23165695901977,220.3155768097424
